1 1 3 0.000000 8.051000 -4.466000 -3.810000 # CS 
2 1 9 0.000000 7.372000 -4.735000 -3.027000 # HS 
3 1 9 0.000000 7.548000 -4.524000 -4.753000 # HS 
4 1 12 0.000000 9.194000 -5.389000 -3.806000 # NA 
5 1 4 0.000000 8.551000 -3.027000 -3.583000 # CW 
6 1 10 0.000000 9.229000 -2.758000 -4.365000 # HW 
7 1 10 0.000000 9.053000 -2.969000 -2.639000 # HW 
8 1 14 0.000000 7.438000 -2.129000 -3.586000 # OY 
9 1 11 0.000000 7.751000 -1.232000 -3.444000 # HY 
10 1 1 0.000000 9.884000 -5.310000 -2.511000 # CA 
11 1 6 0.000000 10.409000 -6.224000 -2.329000 # HA 
12 1 6 0.000000 10.578000 -4.496000 -2.526000 # HA 
13 1 6 0.000000 9.166000 -5.151000 -1.733000 # HA 
14 1 1 0.000000 8.716000 -6.762000 -4.023000 # CA 
15 1 6 0.000000 8.065000 -7.044000 -3.222000 # HA 
16 1 6 0.000000 8.183000 -6.812000 -4.950000 # HA 
17 1 6 0.000000 9.552000 -7.429000 -4.056000 # HA 
18 1 1 0.000000 10.126000 -5.019000 -4.881000 # CA 
19 1 6 0.000000 10.789000 -5.836000 -5.075000 # HA 
20 1 6 0.000000 9.574000 -4.788000 -5.769000 # HA 
21 1 6 0.000000 10.694000 -4.163000 -4.582000 # HA 
22 2 3 0.000000 -6.179000 3.409000 -0.034000 # CS 
23 2 9 0.000000 -5.702000 2.775000 0.685000 # HS 
24 2 9 0.000000 -6.785000 4.131000 0.474000 # HS 
25 2 12 0.000000 -7.024000 2.596000 -0.920000 # NA 
26 2 4 0.000000 -5.107000 4.135000 -0.869000 # CW 
27 2 10 0.000000 -5.584000 4.768000 -1.587000 # HW 
28 2 10 0.000000 -4.501000 3.413000 -1.376000 # HW 
29 2 14 0.000000 -4.285000 4.925000 -0.006000 # OY 
30 2 11 0.000000 -3.617000 5.378000 -0.527000 # HY 
31 2 1 0.000000 -6.191000 1.605000 -1.617000 # CA 
32 2 6 0.000000 -6.796000 0.771000 -1.906000 # HA 
33 2 6 0.000000 -5.758000 2.051000 -2.487000 # HA 
34 2 6 0.000000 -5.413000 1.270000 -0.963000 # HA 
35 2 1 0.000000 -8.046000 1.904000 -0.123000 # CA 
36 2 6 0.000000 -7.570000 1.244000 0.572000 # HA 
37 2 6 0.000000 -8.629000 2.624000 0.412000 # HA 
38 2 6 0.000000 -8.683000 1.340000 -0.772000 # HA 
39 2 1 0.000000 -7.678000 3.467000 -1.907000 # CA 
40 2 6 0.000000 -8.501000 2.947000 -2.351000 # HA 
41 2 6 0.000000 -8.035000 4.352000 -1.422000 # HA 
42 2 6 0.000000 -6.975000 3.737000 -2.667000 # HA 
43 3 3 0.000000 5.505000 12.869000 9.157000 # CS 
44 3 9 0.000000 5.359000 12.935000 10.216000 # HS 
45 3 9 0.000000 4.836000 13.542000 8.662000 # HS 
46 3 12 0.000000 5.238000 11.494000 8.710000 # NA 
47 3 4 0.000000 6.959000 13.247000 8.816000 # CW 
48 3 10 0.000000 7.105000 13.181000 7.757000 # HW 
49 3 10 0.000000 7.628000 12.574000 9.311000 # HW 
50 3 14 0.000000 7.219000 14.584000 9.250000 # OY 
51 3 11 0.000000 8.125000 14.819000 9.037000 # HY 
52 3 1 0.000000 6.157000 10.570000 9.390000 # CA 
53 3 6 0.000000 5.722000 9.594000 9.421000 # HA 
54 3 6 0.000000 7.083000 10.532000 8.858000 # HA 
55 3 6 0.000000 6.333000 10.914000 10.388000 # HA 
56 3 1 0.000000 3.850000 11.134000 9.036000 # CA 
57 3 6 0.000000 3.714000 11.167000 10.097000 # HA 
58 3 6 0.000000 3.183000 11.829000 8.570000 # HA 
59 3 6 0.000000 3.645000 10.147000 8.679000 # HA 
60 3 1 0.000000 5.439000 11.404000 7.257000 # CA 
61 3 6 0.000000 4.972000 10.516000 6.887000 # HA 
62 3 6 0.000000 5.004000 12.260000 6.782000 # HA 
63 3 6 0.000000 6.487000 11.372000 7.043000 # HA 
64 4 3 0.000000 6.391000 10.367000 -4.240000 # CS 
65 4 9 0.000000 7.393000 9.997000 -4.322000 # HS 
66 4 9 0.000000 6.005000 10.138000 -3.268000 # HS 
67 4 12 0.000000 5.549000 9.731000 -5.263000 # NA 
68 4 4 0.000000 6.388000 11.893000 -4.448000 # CW 
69 4 10 0.000000 5.387000 12.262000 -4.366000 # HW 
70 4 10 0.000000 6.774000 12.120000 -5.420000 # HW 
71 4 14 0.000000 7.208000 12.512000 -3.453000 # OY 
72 4 11 0.000000 7.206000 13.463000 -3.582000 # HY 
73 4 1 0.000000 6.078000 10.044000 -6.598000 # CA 
74 4 6 0.000000 5.775000 9.286000 -7.289000 # HA 
75 4 6 0.000000 5.701000 10.992000 -6.918000 # HA 
76 4 6 0.000000 7.148000 10.082000 -6.557000 # HA 
77 4 1 0.000000 5.552000 8.274000 -5.064000 # CA 
78 4 6 0.000000 6.548000 7.901000 -5.181000 # HA 
79 4 6 0.000000 5.200000 8.048000 -4.079000 # HA 
80 4 6 0.000000 4.911000 7.815000 -5.787000 # HA 
81 4 1 0.000000 4.174000 10.238000 -5.151000 # CA 
82 4 6 0.000000 3.509000 9.583000 -5.673000 # HA 
83 4 6 0.000000 3.893000 10.282000 -4.118000 # HA 
84 4 6 0.000000 4.119000 11.218000 -5.576000 # HA 
85 1 5 0.000000 9.582000 -15.658000 12.485000 # Cl 
86 2 5 0.000000 -7.202000 -0.192000 12.148000 # Cl 
87 3 5 0.000000 3.650000 -6.325000 13.000000 # Cl 
88 4 5 0.000000 5.090000 -8.340000 13.000000 # Cl 
89 1 2 0.000000 9.660000 16.398001 -7.078000 # CG 
90 1 7 0.000000 9.399000 15.800000 -6.230000 # HG 
91 1 7 0.000000 10.021000 17.349001 -6.745000 # HG 
92 1 2 0.000000 8.416000 16.605000 -7.963000 # CG 
93 1 7 0.000000 8.677000 17.204000 -8.810000 # HG 
94 1 7 0.000000 8.054000 15.655000 -8.295000 # HG 
95 1 13 0.000000 7.397000 17.264999 -7.207000 # OG 
96 1 8 0.000000 6.623000 17.393999 -7.759000 # HO 
97 1 13 0.000000 10.678000 15.737000 -7.833000 # OG 
98 1 8 0.000000 11.453000 15.609000 -7.281000 # HO 
99 2 2 0.000000 4.400000 -3.369000 -1.466000 # CG 
100 2 7 0.000000 5.134000 -2.757000 -1.945000 # HG 
101 2 7 0.000000 3.524000 -2.787000 -1.270000 # HG 
102 2 2 0.000000 4.966000 -3.905000 -0.137000 # CG 
103 2 7 0.000000 4.231000 -4.516000 0.343000 # HG 
104 2 7 0.000000 5.843000 -4.486000 -0.332000 # HG 
105 2 13 0.000000 5.303000 -2.807000 0.715000 # OG 
106 2 8 0.000000 5.656000 -3.141000 1.543000 # HO 
107 2 13 0.000000 4.064000 -4.467000 -2.317000 # OG 
108 2 8 0.000000 3.710000 -4.133000 -3.145000 # HO 
109 3 2 0.000000 -11.708000 13.872000 -4.557000 # CG 
110 3 7 0.000000 -11.694000 13.122000 -5.320000 # HG 
111 3 7 0.000000 -10.811000 14.453000 -4.612000 # HG 
112 3 2 0.000000 -11.797000 13.197000 -3.175000 # CG 
113 3 7 0.000000 -11.810000 13.948000 -2.413000 # HG 
114 3 7 0.000000 -12.693000 12.616000 -3.120000 # HG 
115 3 13 0.000000 -10.664000 12.345000 -2.987000 # OG 
116 3 8 0.000000 -10.720000 11.925000 -2.125000 # HO 
117 3 13 0.000000 -12.840000 14.723000 -4.745000 # OG 
118 3 8 0.000000 -12.785000 15.144000 -5.607000 # HO 
119 4 2 0.000000 -1.227000 -7.998000 7.978000 # CG 
120 4 7 0.000000 -0.456000 -8.064000 8.716000 # HG 
121 4 7 0.000000 -1.573000 -8.981000 7.736000 # HG 
122 4 2 0.000000 -0.667000 -7.326000 6.710000 # CG 
123 4 7 0.000000 -1.438000 -7.261000 5.971000 # HG 
124 4 7 0.000000 -0.320000 -6.344000 6.951000 # HG 
125 4 13 0.000000 0.419000 -8.103000 6.199000 # OG 
126 4 8 0.000000 0.768000 -7.684000 5.408000 # HO 
127 4 13 0.000000 -2.312000 -7.221000 8.489000 # OG 
128 4 8 0.000000 -2.662000 -7.640000 9.279000 # HO 
129 5 2 0.000000 2.267000 9.949000 0.928000 # CG 
130 5 7 0.000000 2.714000 8.996000 1.117000 # HG 
131 5 7 0.000000 1.463000 9.833000 0.231000 # HG 
132 5 2 0.000000 3.322000 10.903000 0.338000 # CG 
133 5 7 0.000000 2.874000 11.856000 0.148000 # HG 
134 5 7 0.000000 4.126000 11.018000 1.033000 # HG 
135 5 13 0.000000 3.825000 10.360000 -0.886000 # OG 
136 5 8 0.000000 4.483000 10.956000 -1.253000 # HO 
137 5 13 0.000000 1.765000 10.491000 2.151000 # OG 
138 5 8 0.000000 1.106000 9.896000 2.519000 # HO 
139 6 2 0.000000 4.855000 -6.144000 -8.709000 # CG 
140 6 7 0.000000 5.749000 -6.716000 -8.573000 # HG 
141 6 7 0.000000 4.553000 -5.728000 -7.770000 # HG 
142 6 2 0.000000 3.738000 -7.058000 -9.247000 # CG 
143 6 7 0.000000 2.844000 -6.486000 -9.382000 # HG 
144 6 7 0.000000 4.040000 -7.475000 -10.184000 # HG 
145 6 13 0.000000 3.493000 -8.113000 -8.313000 # OG 
146 6 8 0.000000 2.797000 -8.682000 -8.649000 # HO 
147 6 13 0.000000 5.100000 -5.090000 -9.642000 # OG 
148 6 8 0.000000 5.797000 -4.520000 -9.307000 # HO 
149 7 2 0.000000 -6.331000 12.009000 -1.148000 # CG 
150 7 7 0.000000 -6.956000 12.443000 -1.900000 # HG 
151 7 7 0.000000 -6.067000 12.757000 -0.430000 # HG 
152 7 2 0.000000 -5.052000 11.453000 -1.802000 # CG 
153 7 7 0.000000 -4.427000 11.020000 -1.050000 # HG 
154 7 7 0.000000 -5.316000 10.706000 -2.521000 # HG 
155 7 13 0.000000 -4.350000 12.514000 -2.454000 # OG 
156 7 8 0.000000 -3.552000 12.167000 -2.861000 # HO 
157 7 13 0.000000 -7.033000 10.948000 -0.497000 # OG 
158 7 8 0.000000 -7.831000 11.295000 -0.089000 # HO 
159 8 2 0.000000 -0.882000 -1.672000 -0.546000 # CG 
160 8 7 0.000000 -0.315000 -0.809000 -0.265000 # HG 
161 8 7 0.000000 -0.726000 -2.450000 0.171000 # HG 
162 8 2 0.000000 -0.424000 -2.156000 -1.935000 # CG 
163 8 7 0.000000 -0.991000 -3.019000 -2.216000 # HG 
164 8 7 0.000000 -0.579000 -1.377000 -2.652000 # HG 
165 8 13 0.000000 0.965000 -2.491000 -1.889000 # OG 
166 8 8 0.000000 1.250000 -2.793000 -2.755000 # HO 
167 8 13 0.000000 -2.271000 -1.336000 -0.592000 # OG 
168 8 8 0.000000 -2.556000 -1.034000 0.274000 # HO 
169 1 3 0.000000 -17.881001 -15.556000 22.743999 # CS 
170 1 9 0.000000 -18.591000 -14.876000 22.320000 # HS 
171 1 9 0.000000 -17.728001 -15.314000 23.775999 # HS 
172 1 12 0.000000 -16.606001 -15.448000 22.021000 # NA 
173 1 4 0.000000 -18.417000 -16.996000 22.628000 # CW 
174 1 10 0.000000 -17.707001 -17.674999 23.052000 # HW 
175 1 10 0.000000 -18.570000 -17.236000 21.597000 # HW 
176 1 14 0.000000 -19.657000 -17.101000 23.330999 # OY 
177 1 11 0.000000 -19.990999 -17.997999 23.259001 # HY 
178 1 1 0.000000 -16.816000 -15.779000 20.605000 # CA 
179 1 6 0.000000 -16.058001 -15.310000 20.013000 # HA 
180 1 6 0.000000 -16.764999 -16.839001 20.476000 # HA 
181 1 6 0.000000 -17.778000 -15.428000 20.295000 # HA 
182 1 1 0.000000 -16.094999 -14.074000 22.132999 # CA 
183 1 6 0.000000 -16.788000 -13.398000 21.677999 # HA 
184 1 6 0.000000 -15.976000 -13.820000 23.166000 # HA 
185 1 6 0.000000 -15.150000 -14.004000 21.636999 # HA 
186 1 1 0.000000 -15.631000 -16.381001 22.604000 # CA 
187 1 6 0.000000 -14.645000 -16.106001 22.294001 # HA 
188 1 6 0.000000 -15.694000 -16.343000 23.672001 # HA 
189 1 6 0.000000 -15.846000 -17.375000 22.271000 # HA 
190 1 5 0.000000 -20.000000 18.000000 20.000000 # Cl 
191 1 2 0.000000 -16.042999 -5.526000 27.395000 # CG 
192 1 7 0.000000 -16.844999 -5.201000 26.764999 # HG 
193 1 7 0.000000 -16.365000 -6.362000 27.979000 # HG 
194 1 2 0.000000 -15.629000 -4.376000 28.333000 # CG 
195 1 7 0.000000 -14.828000 -4.701000 28.962999 # HG 
196 1 7 0.000000 -15.308000 -3.539000 27.749001 # HG 
197 1 13 0.000000 -16.746000 -3.993000 29.139999 # OG 
198 1 8 0.000000 -16.487000 -3.277000 29.724001 # HO 
199 1 13 0.000000 -14.927000 -5.908000 26.587999 # OG 
200 1 8 0.000000 -15.185000 -6.625000 26.004000 # HO 
201 2 2 0.000000 -12.579000 -3.291000 25.608999 # CG 
202 2 7 0.000000 -12.640000 -2.647000 24.756001 # HG 
203 2 7 0.000000 -13.565000 -3.587000 25.902000 # HG 
204 2 2 0.000000 -11.903000 -2.540000 26.771999 # CG 
205 2 7 0.000000 -11.844000 -3.183000 27.624001 # HG 
206 2 7 0.000000 -10.919000 -2.242000 26.478001 # HG 
207 2 13 0.000000 -12.673000 -1.380000 27.101999 # OG 
208 2 8 0.000000 -12.251000 -0.913000 27.827000 # HO 
209 2 13 0.000000 -11.810000 -4.449000 25.278999 # OG 
210 2 8 0.000000 -12.231000 -4.918000 24.554001 # HO 
211 1 3 0.000000 17.868000 14.718000 23.023001 # CS 
212 1 9 0.000000 18.709000 14.391000 23.599001 # HS 
213 1 9 0.000000 17.264000 13.873000 22.761999 # HS 
214 1 12 0.000000 18.340000 15.380000 21.798000 # NA 
215 1 4 0.000000 17.032000 15.710000 23.853001 # CW 
216 1 10 0.000000 16.191000 16.035999 23.277000 # HW 
217 1 10 0.000000 17.636000 16.554001 24.114000 # HW 
218 1 14 0.000000 16.572001 15.066000 25.045000 # OY 
219 1 11 0.000000 16.051001 15.684000 25.562000 # HY 
220 1 1 0.000000 19.169001 16.539000 22.156000 # CA 
221 1 6 0.000000 19.841999 16.757999 21.354000 # HA 
222 1 6 0.000000 18.541000 17.385000 22.336000 # HA 
223 1 6 0.000000 19.730000 16.316999 23.041000 # HA 
224 1 1 0.000000 19.138000 14.433000 21.006001 # CA 
225 1 6 0.000000 19.997999 14.133000 21.569000 # HA 
226 1 6 0.000000 18.546000 13.572000 20.775999 # HA 
227 1 6 0.000000 19.452000 14.903000 20.098000 # HA 
228 1 1 0.000000 17.186001 15.829000 21.007000 # CA 
229 1 6 0.000000 17.497999 16.035999 20.006001 # HA 
230 1 6 0.000000 16.438999 15.061000 20.997000 # HA 
231 1 6 0.000000 16.777000 16.716000 21.444000 # HA 
232 1 5 0.000000 13.229000 18.000000 25.306999 # Cl 
233 1 2 0.000000 18.479000 -16.730000 23.232000 # CG 
234 1 7 0.000000 18.118999 -17.415001 22.493999 # HG 
235 1 7 0.000000 17.871000 -16.799999 24.110001 # HG 
236 1 2 0.000000 18.412001 -15.294000 22.676001 # CG 
237 1 7 0.000000 18.771999 -14.609000 23.415001 # HG 
238 1 7 0.000000 19.018999 -15.225000 21.798000 # HG 
239 1 13 0.000000 17.059000 -14.973000 22.346001 # OG 
240 1 8 0.000000 17.018000 -14.078000 22.000000 # HO 
241 1 13 0.000000 19.832001 -17.051001 23.562000 # OG 
242 1 8 0.000000 19.874001 -17.945000 23.908001 # HO 
243 2 2 0.000000 18.042000 -15.954000 27.552999 # CG 
244 2 7 0.000000 17.893999 -15.103000 28.184000 # HG 
245 2 7 0.000000 17.830000 -15.686000 26.539000 # HG 
246 2 2 0.000000 17.097000 -17.087999 27.992001 # CG 
247 2 7 0.000000 17.243999 -17.938999 27.360001 # HG 
248 2 7 0.000000 17.308001 -17.355000 29.006001 # HG 
249 2 13 0.000000 15.741000 -16.646000 27.888000 # OG 
250 2 8 0.000000 15.152000 -17.354000 28.160999 # HO 
251 2 13 0.000000 19.396999 -16.396000 27.657000 # OG 
252 2 8 0.000000 19.987000 -15.688000 27.382999 # HO 
253 1 3 0.000000 -17.656000 15.371000 -29.024000 # CS 
254 1 9 0.000000 -18.584999 15.892000 -28.912001 # HS 
255 1 9 0.000000 -17.613001 14.923000 -29.995001 # HS 
256 1 12 0.000000 -17.555000 14.324000 -27.997000 # NA 
257 1 4 0.000000 -16.488001 16.363001 -28.863001 # CW 
258 1 10 0.000000 -15.560000 15.842000 -28.974001 # HW 
259 1 10 0.000000 -16.533001 16.809999 -27.891001 # HW 
260 1 14 0.000000 -16.587000 17.381001 -29.862000 # OY 
261 1 11 0.000000 -15.859000 17.999001 -29.761000 # HY 
262 1 1 0.000000 -17.615000 14.938000 -26.663000 # CA 
263 1 6 0.000000 -17.968000 14.219000 -25.954000 # HA 
264 1 6 0.000000 -16.639000 15.270000 -26.379000 # HA 
265 1 6 0.000000 -18.283001 15.774000 -26.684999 # HA 
266 1 1 0.000000 -18.669001 13.377000 -28.150999 # CA 
267 1 6 0.000000 -19.596001 13.892000 -28.004999 # HA 
268 1 6 0.000000 -18.646999 12.957000 -29.135000 # HA 
269 1 6 0.000000 -18.576000 12.596000 -27.426001 # HA 
270 1 1 0.000000 -16.280001 13.609000 -28.150000 # CA 
271 1 6 0.000000 -16.326000 12.681000 -27.620001 # HA 
272 1 6 0.000000 -16.100000 13.418000 -29.188000 # HA 
273 1 6 0.000000 -15.486000 14.207000 -27.754999 # HA 
274 1 5 0.000000 -19.974001 18.044001 -30.007000 # Cl 
275 1 2 0.000000 -15.479000 14.983000 -23.101000 # CG 
276 1 7 0.000000 -16.230000 15.745000 -23.100000 # HG 
277 1 7 0.000000 -15.456000 14.506000 -24.058001 # HG 
278 1 2 0.000000 -15.806000 13.940000 -22.014999 # CG 
279 1 7 0.000000 -15.055000 13.178000 -22.016001 # HG 
280 1 7 0.000000 -15.830000 14.418000 -21.058001 # HG 
281 1 13 0.000000 -17.082001 13.354000 -22.285999 # OG 
282 1 8 0.000000 -17.285000 12.704000 -21.610001 # HO 
283 1 13 0.000000 -14.204000 15.569000 -22.829000 # OG 
284 1 8 0.000000 -13.999000 16.219999 -23.506001 # HO 
285 2 2 0.000000 -11.707000 15.284000 -27.819000 # CG 
286 2 7 0.000000 -11.217000 14.796000 -27.002001 # HG 
287 2 7 0.000000 -12.763000 15.132000 -27.742001 # HG 
288 2 2 0.000000 -11.200000 14.693000 -29.148001 # CG 
289 2 7 0.000000 -11.690000 15.180000 -29.964001 # HG 
290 2 7 0.000000 -10.143000 14.843000 -29.224001 # HG 
291 2 13 0.000000 -11.485000 13.292000 -29.187000 # OG 
292 2 8 0.000000 -11.169000 12.924000 -30.014999 # HO 
293 2 13 0.000000 -11.421000 16.684000 -27.780001 # OG 
294 2 8 0.000000 -11.737000 17.052000 -26.951000 # HO 
295 1 3 0.000000 12.528000 -13.173000 -23.305000 # CS 
296 1 9 0.000000 12.549000 -12.518000 -24.152000 # HS 
297 1 9 0.000000 12.486000 -12.592000 -22.407000 # HS 
298 1 12 0.000000 13.742000 -14.002000 -23.296000 # NA 
299 1 4 0.000000 11.286000 -14.081000 -23.388000 # CW 
300 1 10 0.000000 11.266000 -14.735000 -22.541000 # HW 
301 1 10 0.000000 11.329000 -14.661000 -24.285999 # HW 
302 1 14 0.000000 10.106000 -13.274000 -23.396000 # OY 
303 1 11 0.000000 9.332000 -13.840000 -23.448000 # HY 
304 1 1 0.000000 13.800000 -14.799000 -24.530001 # CA 
305 1 6 0.000000 14.816000 -15.056000 -24.740999 # HA 
306 1 6 0.000000 13.225000 -15.692000 -24.405001 # HA 
307 1 6 0.000000 13.400000 -14.229000 -25.341999 # HA 
308 1 1 0.000000 14.927000 -13.135000 -23.216999 # CA 
309 1 6 0.000000 14.966000 -12.505000 -24.080999 # HA 
310 1 6 0.000000 14.867000 -12.529000 -22.337000 # HA 
311 1 6 0.000000 15.808000 -13.740000 -23.174999 # HA 
312 1 1 0.000000 13.713000 -14.901000 -22.132999 # CA 
313 1 6 0.000000 14.696000 -15.282000 -21.954000 # HA 
314 1 6 0.000000 13.378000 -14.359000 -21.271999 # HA 
315 1 6 0.000000 13.044000 -15.712000 -22.326000 # HA 
316 1 5 0.000000 8.000000 18.000000 -26.780001 # Cl 
317 1 2 0.000000 15.362000 7.941000 -28.417000 # CG 
318 1 7 0.000000 15.061000 8.712000 -29.094999 # HG 
319 1 7 0.000000 15.777000 8.385000 -27.535999 # HG 
320 1 2 0.000000 16.424000 7.052000 -29.091000 # CG 
321 1 7 0.000000 16.726000 6.282000 -28.413000 # HG 
322 1 7 0.000000 16.010000 6.610000 -29.973000 # HG 
323 1 13 0.000000 17.558001 7.848000 -29.445000 # OG 
324 1 8 0.000000 18.219999 7.293000 -29.864000 # HO 
325 1 13 0.000000 14.229000 7.146000 -28.063999 # OG 
326 1 8 0.000000 13.566000 7.700000 -27.643999 # HO 
327 2 2 0.000000 16.087000 15.631000 -28.375000 # CG 
328 2 7 0.000000 15.677000 15.879000 -27.417999 # HG 
329 2 7 0.000000 16.073999 16.497000 -29.003000 # HG 
330 2 2 0.000000 15.241000 14.517000 -29.021000 # CG 
331 2 7 0.000000 15.650000 14.270000 -29.978001 # HG 
332 2 7 0.000000 15.252000 13.652000 -28.393000 # HG 
333 2 13 0.000000 13.895000 14.972000 -29.180000 # OG 
334 2 8 0.000000 13.368000 14.278000 -29.584000 # HO 
335 2 13 0.000000 17.431999 15.175000 -28.215000 # OG 
336 2 8 0.000000 17.959000 15.870000 -27.812000 # HO 

 Bonds

1 7 1 2
2 7 1 3
3 8 1 4
4 6 1 5
5 2 4 14
6 2 4 18
7 2 4 10
8 9 5 6
9 10 5 8
10 9 5 7
11 13 8 9
12 1 10 13
13 1 10 11
14 1 10 12
15 1 14 17
16 1 14 15
17 1 14 16
18 1 18 20
19 1 18 19
20 1 18 21
21 7 22 23
22 7 22 24
23 8 22 25
24 6 22 26
25 2 25 35
26 2 25 39
27 2 25 31
28 9 26 28
29 9 26 27
30 10 26 29
31 13 29 30
32 1 31 32
33 1 31 33
34 1 31 34
35 1 35 38
36 1 35 36
37 1 35 37
38 1 39 40
39 1 39 42
40 1 39 41
41 8 43 46
42 7 43 44
43 7 43 45
44 6 43 47
45 2 46 52
46 2 46 56
47 2 46 60
48 10 47 50
49 9 47 49
50 9 47 48
51 13 50 51
52 1 52 53
53 1 52 54
54 1 52 55
55 1 56 57
56 1 56 58
57 1 56 59
58 1 60 61
59 1 60 63
60 1 60 62
61 7 64 66
62 8 64 67
63 6 64 68
64 7 64 65
65 2 67 73
66 2 67 77
67 2 67 81
68 9 68 69
69 9 68 70
70 10 68 71
71 13 71 72
72 1 73 74
73 1 73 75
74 1 73 76
75 1 77 78
76 1 77 79
77 1 77 80
78 1 81 82
79 1 81 84
80 1 81 83
81 11 87 88
82 4 89 90
83 3 89 92
84 4 89 91
85 5 89 97
86 5 92 95
87 4 92 93
88 4 92 94
89 12 95 96
90 12 97 98
91 4 99 101
92 4 99 100
93 3 99 102
94 5 99 107
95 4 102 104
96 5 102 105
97 4 102 103
98 12 105 106
99 12 107 108
100 4 109 110
101 4 109 111
102 3 109 112
103 5 109 117
104 5 112 115
105 4 112 113
106 4 112 114
107 12 115 116
108 12 117 118
109 4 119 121
110 3 119 122
111 5 119 127
112 4 119 120
113 5 122 125
114 4 122 124
115 4 122 123
116 12 125 126
117 12 127 128
118 4 129 130
119 3 129 132
120 4 129 131
121 5 129 137
122 4 132 133
123 4 132 134
124 5 132 135
125 12 135 136
126 12 137 138
127 4 139 140
128 5 139 147
129 4 139 141
130 3 139 142
131 4 142 144
132 5 142 145
133 4 142 143
134 12 145 146
135 12 147 148
136 3 149 152
137 5 149 157
138 4 149 151
139 4 149 150
140 4 152 153
141 4 152 154
142 5 152 155
143 12 155 156
144 12 157 158
145 3 159 162
146 4 159 160
147 4 159 161
148 5 159 167
149 5 162 165
150 4 162 164
151 4 162 163
152 12 165 166
153 12 167 168
154 7 169 171
155 6 169 173
156 8 169 172
157 7 169 170
158 2 172 186
159 2 172 182
160 2 172 178
161 9 173 174
162 10 173 176
163 9 173 175
164 13 176 177
165 1 178 179
166 1 178 180
167 1 178 181
168 1 182 184
169 1 182 183
170 1 182 185
171 1 186 187
172 1 186 188
173 1 186 189
174 4 191 193
175 3 191 194
176 4 191 192
177 5 191 199
178 4 194 195
179 4 194 196
180 5 194 197
181 12 197 198
182 12 199 200
183 4 201 202
184 4 201 203
185 3 201 204
186 5 201 209
187 4 204 206
188 5 204 207
189 4 204 205
190 12 207 208
191 12 209 210
192 6 211 215
193 8 211 214
194 7 211 212
195 7 211 213
196 2 214 224
197 2 214 228
198 2 214 220
199 9 215 216
200 9 215 217
201 10 215 218
202 13 218 219
203 1 220 221
204 1 220 222
205 1 220 223
206 1 224 225
207 1 224 226
208 1 224 227
209 1 228 229
210 1 228 230
211 1 228 231
212 3 233 236
213 5 233 241
214 4 233 234
215 4 233 235
216 4 236 237
217 4 236 238
218 5 236 239
219 12 239 240
220 12 241 242
221 3 243 246
222 5 243 251
223 4 243 244
224 4 243 245
225 4 246 247
226 4 246 248
227 5 246 249
228 12 249 250
229 12 251 252
230 8 253 256
231 7 253 254
232 7 253 255
233 6 253 257
234 2 256 266
235 2 256 270
236 2 256 262
237 9 257 258
238 9 257 259
239 10 257 260
240 13 260 261
241 1 262 263
242 1 262 265
243 1 262 264
244 1 266 267
245 1 266 268
246 1 266 269
247 1 270 271
248 1 270 272
249 1 270 273
250 4 275 277
251 3 275 278
252 4 275 276
253 5 275 283
254 4 278 279
255 5 278 281
256 4 278 280
257 12 281 282
258 12 283 284
259 3 285 288
260 5 285 293
261 4 285 286
262 4 285 287
263 4 288 289
264 4 288 290
265 5 288 291
266 12 291 292
267 12 293 294
268 7 295 297
269 6 295 299
270 8 295 298
271 7 295 296
272 2 298 304
273 2 298 308
274 2 298 312
275 9 299 300
276 9 299 301
277 10 299 302
278 13 302 303
279 1 304 305
280 1 304 307
281 1 304 306
282 1 308 311
283 1 308 309
284 1 308 310
285 1 312 314
286 1 312 313
287 1 312 315
288 4 317 318
289 5 317 325
290 4 317 319
291 3 317 320
292 4 320 321
293 4 320 322
294 5 320 323
295 12 323 324
296 12 325 326
297 3 327 330
298 4 327 328
299 4 327 329
300 5 327 335
301 4 330 332
302 4 330 331
303 5 330 333
304 12 333 334
305 12 335 336

 Angles

1 15 2 1 3
2 16 2 1 4
3 8 2 1 5
4 16 3 1 4
5 8 3 1 5
6 9 4 1 5
7 2 1 4 14
8 2 1 4 18
9 2 1 4 10
10 1 14 4 18
11 1 10 4 14
12 1 10 4 18
13 6 1 5 6
14 7 1 5 8
15 6 1 5 7
16 18 6 5 8
17 17 6 5 7
18 18 7 5 8
19 10 5 8 9
20 12 4 10 13
21 12 4 10 11
22 12 4 10 12
23 11 11 10 13
24 11 12 10 13
25 11 11 10 12
26 12 4 14 17
27 12 4 14 15
28 12 4 14 16
29 11 15 14 17
30 11 16 14 17
31 11 15 14 16
32 12 4 18 20
33 12 4 18 19
34 12 4 18 21
35 11 19 18 20
36 11 20 18 21
37 11 19 18 21
38 15 23 22 24
39 16 23 22 25
40 8 23 22 26
41 16 24 22 25
42 8 24 22 26
43 9 25 22 26
44 2 22 25 35
45 2 22 25 39
46 2 22 25 31
47 1 35 25 39
48 1 31 25 35
49 1 31 25 39
50 6 22 26 28
51 6 22 26 27
52 7 22 26 29
53 17 27 26 28
54 18 28 26 29
55 18 27 26 29
56 10 26 29 30
57 12 25 31 32
58 12 25 31 33
59 12 25 31 34
60 11 32 31 33
61 11 32 31 34
62 11 33 31 34
63 12 25 35 38
64 12 25 35 36
65 12 25 35 37
66 11 36 35 38
67 11 37 35 38
68 11 36 35 37
69 12 25 39 40
70 12 25 39 42
71 12 25 39 41
72 11 40 39 42
73 11 40 39 41
74 11 41 39 42
75 16 44 43 46
76 16 45 43 46
77 9 46 43 47
78 15 44 43 45
79 8 44 43 47
80 8 45 43 47
81 2 43 46 52
82 2 43 46 56
83 2 43 46 60
84 1 52 46 56
85 1 52 46 60
86 1 56 46 60
87 7 43 47 50
88 6 43 47 49
89 6 43 47 48
90 18 49 47 50
91 18 48 47 50
92 17 48 47 49
93 10 47 50 51
94 12 46 52 53
95 12 46 52 54
96 12 46 52 55
97 11 53 52 54
98 11 53 52 55
99 11 54 52 55
100 12 46 56 57
101 12 46 56 58
102 12 46 56 59
103 11 57 56 58
104 11 57 56 59
105 11 58 56 59
106 12 46 60 61
107 12 46 60 63
108 12 46 60 62
109 11 61 60 63
110 11 61 60 62
111 11 62 60 63
112 16 66 64 67
113 8 66 64 68
114 15 65 64 66
115 9 67 64 68
116 16 65 64 67
117 8 65 64 68
118 2 64 67 73
119 2 64 67 77
120 2 64 67 81
121 1 73 67 77
122 1 73 67 81
123 1 77 67 81
124 6 64 68 69
125 6 64 68 70
126 7 64 68 71
127 17 69 68 70
128 18 69 68 71
129 18 70 68 71
130 10 68 71 72
131 12 67 73 74
132 12 67 73 75
133 12 67 73 76
134 11 74 73 75
135 11 74 73 76
136 11 75 73 76
137 12 67 77 78
138 12 67 77 79
139 12 67 77 80
140 11 78 77 79
141 11 78 77 80
142 11 79 77 80
143 12 67 81 82
144 12 67 81 84
145 12 67 81 83
146 11 82 81 84
147 11 82 81 83
148 11 83 81 84
149 3 90 89 92
150 13 90 89 91
151 14 90 89 97
152 3 91 89 92
153 4 92 89 97
154 14 91 89 97
155 4 89 92 95
156 3 89 92 93
157 3 89 92 94
158 14 93 92 95
159 14 94 92 95
160 13 93 92 94
161 5 92 95 96
162 5 89 97 98
163 13 100 99 101
164 3 101 99 102
165 14 101 99 107
166 3 100 99 102
167 14 100 99 107
168 4 102 99 107
169 3 99 102 104
170 4 99 102 105
171 3 99 102 103
172 14 104 102 105
173 13 103 102 104
174 14 103 102 105
175 5 102 105 106
176 5 99 107 108
177 13 110 109 111
178 3 110 109 112
179 14 110 109 117
180 3 111 109 112
181 14 111 109 117
182 4 112 109 117
183 4 109 112 115
184 3 109 112 113
185 3 109 112 114
186 14 113 112 115
187 14 114 112 115
188 13 113 112 114
189 5 112 115 116
190 5 109 117 118
191 3 121 119 122
192 14 121 119 127
193 13 120 119 121
194 4 122 119 127
195 3 120 119 122
196 14 120 119 127
197 4 119 122 125
198 3 119 122 124
199 3 119 122 123
200 14 124 122 125
201 14 123 122 125
202 13 123 122 124
203 5 122 125 126
204 5 119 127 128
205 3 130 129 132
206 13 130 129 131
207 14 130 129 137
208 3 131 129 132
209 4 132 129 137
210 14 131 129 137
211 3 129 132 133
212 3 129 132 134
213 4 129 132 135
214 13 133 132 134
215 14 133 132 135
216 14 134 132 135
217 5 132 135 136
218 5 129 137 138
219 14 140 139 147
220 13 140 139 141
221 3 140 139 142
222 14 141 139 147
223 4 142 139 147
224 3 141 139 142
225 3 139 142 144
226 4 139 142 145
227 3 139 142 143
228 14 144 142 145
229 13 143 142 144
230 14 143 142 145
231 5 142 145 146
232 5 139 147 148
233 4 152 149 157
234 3 151 149 152
235 3 150 149 152
236 14 151 149 157
237 14 150 149 157
238 13 150 149 151
239 3 149 152 153
240 3 149 152 154
241 4 149 152 155
242 13 153 152 154
243 14 153 152 155
244 14 154 152 155
245 5 152 155 156
246 5 149 157 158
247 3 160 159 162
248 3 161 159 162
249 4 162 159 167
250 13 160 159 161
251 14 160 159 167
252 14 161 159 167
253 4 159 162 165
254 3 159 162 164
255 3 159 162 163
256 14 164 162 165
257 14 163 162 165
258 13 163 162 164
259 5 162 165 166
260 5 159 167 168
261 8 171 169 173
262 16 171 169 172
263 15 170 169 171
264 9 172 169 173
265 8 170 169 173
266 16 170 169 172
267 2 169 172 186
268 2 169 172 182
269 2 169 172 178
270 1 182 172 186
271 1 178 172 186
272 1 178 172 182
273 6 169 173 174
274 7 169 173 176
275 6 169 173 175
276 18 174 173 176
277 17 174 173 175
278 18 175 173 176
279 10 173 176 177
280 12 172 178 179
281 12 172 178 180
282 12 172 178 181
283 11 179 178 180
284 11 179 178 181
285 11 180 178 181
286 12 172 182 184
287 12 172 182 183
288 12 172 182 185
289 11 183 182 184
290 11 184 182 185
291 11 183 182 185
292 12 172 186 187
293 12 172 186 188
294 12 172 186 189
295 11 187 186 188
296 11 187 186 189
297 11 188 186 189
298 3 193 191 194
299 13 192 191 193
300 14 193 191 199
301 3 192 191 194
302 4 194 191 199
303 14 192 191 199
304 3 191 194 195
305 3 191 194 196
306 4 191 194 197
307 13 195 194 196
308 14 195 194 197
309 14 196 194 197
310 5 194 197 198
311 5 191 199 200
312 13 202 201 203
313 3 202 201 204
314 14 202 201 209
315 3 203 201 204
316 14 203 201 209
317 4 204 201 209
318 3 201 204 206
319 4 201 204 207
320 3 201 204 205
321 14 206 204 207
322 13 205 204 206
323 14 205 204 207
324 5 204 207 208
325 5 201 209 210
326 9 214 211 215
327 8 212 211 215
328 8 213 211 215
329 16 212 211 214
330 16 213 211 214
331 15 212 211 213
332 2 211 214 224
333 2 211 214 228
334 2 211 214 220
335 1 224 214 228
336 1 220 214 224
337 1 220 214 228
338 6 211 215 216
339 6 211 215 217
340 7 211 215 218
341 17 216 215 217
342 18 216 215 218
343 18 217 215 218
344 10 215 218 219
345 12 214 220 221
346 12 214 220 222
347 12 214 220 223
348 11 221 220 222
349 11 221 220 223
350 11 222 220 223
351 12 214 224 225
352 12 214 224 226
353 12 214 224 227
354 11 225 224 226
355 11 225 224 227
356 11 226 224 227
357 12 214 228 229
358 12 214 228 230
359 12 214 228 231
360 11 229 228 230
361 11 229 228 231
362 11 230 228 231
363 4 236 233 241
364 3 234 233 236
365 3 235 233 236
366 14 234 233 241
367 14 235 233 241
368 13 234 233 235
369 3 233 236 237
370 3 233 236 238
371 4 233 236 239
372 13 237 236 238
373 14 237 236 239
374 14 238 236 239
375 5 236 239 240
376 5 233 241 242
377 4 246 243 251
378 3 244 243 246
379 3 245 243 246
380 14 244 243 251
381 14 245 243 251
382 13 244 243 245
383 3 243 246 247
384 3 243 246 248
385 4 243 246 249
386 13 247 246 248
387 14 247 246 249
388 14 248 246 249
389 5 246 249 250
390 5 243 251 252
391 16 254 253 256
392 16 255 253 256
393 9 256 253 257
394 15 254 253 255
395 8 254 253 257
396 8 255 253 257
397 2 253 256 266
398 2 253 256 270
399 2 253 256 262
400 1 266 256 270
401 1 262 256 266
402 1 262 256 270
403 6 253 257 258
404 6 253 257 259
405 7 253 257 260
406 17 258 257 259
407 18 258 257 260
408 18 259 257 260
409 10 257 260 261
410 12 256 262 263
411 12 256 262 265
412 12 256 262 264
413 11 263 262 265
414 11 263 262 264
415 11 264 262 265
416 12 256 266 267
417 12 256 266 268
418 12 256 266 269
419 11 267 266 268
420 11 267 266 269
421 11 268 266 269
422 12 256 270 271
423 12 256 270 272
424 12 256 270 273
425 11 271 270 272
426 11 271 270 273
427 11 272 270 273
428 3 277 275 278
429 13 276 275 277
430 14 277 275 283
431 3 276 275 278
432 4 278 275 283
433 14 276 275 283
434 3 275 278 279
435 4 275 278 281
436 3 275 278 280
437 14 279 278 281
438 13 279 278 280
439 14 280 278 281
440 5 278 281 282
441 5 275 283 284
442 4 288 285 293
443 3 286 285 288
444 3 287 285 288
445 14 286 285 293
446 14 287 285 293
447 13 286 285 287
448 3 285 288 289
449 3 285 288 290
450 4 285 288 291
451 13 289 288 290
452 14 289 288 291
453 14 290 288 291
454 5 288 291 292
455 5 285 293 294
456 8 297 295 299
457 16 297 295 298
458 15 296 295 297
459 9 298 295 299
460 8 296 295 299
461 16 296 295 298
462 2 295 298 304
463 2 295 298 308
464 2 295 298 312
465 1 304 298 308
466 1 304 298 312
467 1 308 298 312
468 6 295 299 300
469 6 295 299 301
470 7 295 299 302
471 17 300 299 301
472 18 300 299 302
473 18 301 299 302
474 10 299 302 303
475 12 298 304 305
476 12 298 304 307
477 12 298 304 306
478 11 305 304 307
479 11 305 304 306
480 11 306 304 307
481 12 298 308 311
482 12 298 308 309
483 12 298 308 310
484 11 309 308 311
485 11 310 308 311
486 11 309 308 310
487 12 298 312 314
488 12 298 312 313
489 12 298 312 315
490 11 313 312 314
491 11 314 312 315
492 11 313 312 315
493 14 318 317 325
494 13 318 317 319
495 3 318 317 320
496 14 319 317 325
497 4 320 317 325
498 3 319 317 320
499 3 317 320 321
500 3 317 320 322
501 4 317 320 323
502 13 321 320 322
503 14 321 320 323
504 14 322 320 323
505 5 320 323 324
506 5 317 325 326
507 3 328 327 330
508 3 329 327 330
509 4 330 327 335
510 13 328 327 329
511 14 328 327 335
512 14 329 327 335
513 3 327 330 332
514 3 327 330 331
515 4 327 330 333
516 13 331 330 332
517 14 332 330 333
518 14 331 330 333
519 5 330 333 334
520 5 327 335 336

 Dihedrals

1 11 2 1 4 14
2 11 2 1 4 18
3 11 2 1 4 10
4 11 3 1 4 14
5 11 3 1 4 18
6 11 3 1 4 10
7 3 5 1 4 14
8 3 5 1 4 18
9 3 5 1 4 10
10 9 2 1 5 6
11 10 2 1 5 8
12 9 2 1 5 7
13 9 3 1 5 6
14 10 3 1 5 8
15 9 3 1 5 7
16 13 4 1 5 6
17 14 4 1 5 8
18 13 4 1 5 7
19 5 1 4 14 17
20 5 1 4 14 15
21 5 1 4 14 16
22 4 18 4 14 17
23 4 18 4 14 15
24 4 18 4 14 16
25 4 10 4 14 17
26 4 10 4 14 15
27 4 10 4 14 16
28 5 1 4 18 20
29 5 1 4 18 19
30 5 1 4 18 21
31 4 14 4 18 20
32 4 14 4 18 19
33 4 14 4 18 21
34 4 10 4 18 20
35 4 10 4 18 19
36 4 10 4 18 21
37 5 1 4 10 13
38 5 1 4 10 11
39 5 1 4 10 12
40 4 14 4 10 13
41 4 14 4 10 11
42 4 14 4 10 12
43 4 18 4 10 13
44 4 18 4 10 11
45 4 18 4 10 12
46 2 1 5 8 9
47 12 6 5 8 9
48 12 7 5 8 9
49 11 23 22 25 35
50 11 23 22 25 39
51 11 23 22 25 31
52 11 24 22 25 35
53 11 24 22 25 39
54 11 24 22 25 31
55 3 26 22 25 35
56 3 26 22 25 39
57 3 26 22 25 31
58 9 23 22 26 28
59 9 23 22 26 27
60 10 23 22 26 29
61 9 24 22 26 28
62 9 24 22 26 27
63 10 24 22 26 29
64 13 25 22 26 28
65 13 25 22 26 27
66 14 25 22 26 29
67 5 22 25 35 38
68 5 22 25 35 36
69 5 22 25 35 37
70 4 39 25 35 38
71 4 39 25 35 36
72 4 39 25 35 37
73 4 31 25 35 38
74 4 31 25 35 36
75 4 31 25 35 37
76 5 22 25 39 40
77 5 22 25 39 42
78 5 22 25 39 41
79 4 35 25 39 40
80 4 35 25 39 42
81 4 35 25 39 41
82 4 31 25 39 40
83 4 31 25 39 42
84 4 31 25 39 41
85 5 22 25 31 32
86 5 22 25 31 33
87 5 22 25 31 34
88 4 35 25 31 32
89 4 35 25 31 33
90 4 35 25 31 34
91 4 39 25 31 32
92 4 39 25 31 33
93 4 39 25 31 34
94 2 22 26 29 30
95 12 28 26 29 30
96 12 27 26 29 30
97 11 44 43 46 52
98 11 44 43 46 56
99 11 44 43 46 60
100 11 45 43 46 52
101 11 45 43 46 56
102 11 45 43 46 60
103 3 47 43 46 52
104 3 47 43 46 56
105 3 47 43 46 60
106 14 46 43 47 50
107 13 46 43 47 49
108 13 46 43 47 48
109 10 44 43 47 50
110 9 44 43 47 49
111 9 44 43 47 48
112 10 45 43 47 50
113 9 45 43 47 49
114 9 45 43 47 48
115 5 43 46 52 53
116 5 43 46 52 54
117 5 43 46 52 55
118 4 56 46 52 53
119 4 56 46 52 54
120 4 56 46 52 55
121 4 60 46 52 53
122 4 60 46 52 54
123 4 60 46 52 55
124 5 43 46 56 57
125 5 43 46 56 58
126 5 43 46 56 59
127 4 52 46 56 57
128 4 52 46 56 58
129 4 52 46 56 59
130 4 60 46 56 57
131 4 60 46 56 58
132 4 60 46 56 59
133 5 43 46 60 61
134 5 43 46 60 63
135 5 43 46 60 62
136 4 52 46 60 61
137 4 52 46 60 63
138 4 52 46 60 62
139 4 56 46 60 61
140 4 56 46 60 63
141 4 56 46 60 62
142 2 43 47 50 51
143 12 49 47 50 51
144 12 48 47 50 51
145 11 66 64 67 73
146 11 66 64 67 77
147 11 66 64 67 81
148 3 68 64 67 73
149 3 68 64 67 77
150 3 68 64 67 81
151 11 65 64 67 73
152 11 65 64 67 77
153 11 65 64 67 81
154 9 66 64 68 69
155 9 66 64 68 70
156 10 66 64 68 71
157 13 67 64 68 69
158 13 67 64 68 70
159 14 67 64 68 71
160 9 65 64 68 69
161 9 65 64 68 70
162 10 65 64 68 71
163 5 64 67 73 74
164 5 64 67 73 75
165 5 64 67 73 76
166 4 77 67 73 74
167 4 77 67 73 75
168 4 77 67 73 76
169 4 81 67 73 74
170 4 81 67 73 75
171 4 81 67 73 76
172 5 64 67 77 78
173 5 64 67 77 79
174 5 64 67 77 80
175 4 73 67 77 78
176 4 73 67 77 79
177 4 73 67 77 80
178 4 81 67 77 78
179 4 81 67 77 79
180 4 81 67 77 80
181 5 64 67 81 82
182 5 64 67 81 84
183 5 64 67 81 83
184 4 73 67 81 82
185 4 73 67 81 84
186 4 73 67 81 83
187 4 77 67 81 82
188 4 77 67 81 84
189 4 77 67 81 83
190 2 64 68 71 72
191 12 69 68 71 72
192 12 70 68 71 72
193 7 90 89 92 95
194 6 90 89 92 93
195 6 90 89 92 94
196 7 91 89 92 95
197 6 91 89 92 93
198 6 91 89 92 94
199 15 97 89 92 95
200 7 97 89 92 93
201 7 97 89 92 94
202 8 90 89 97 98
203 1 92 89 97 98
204 8 91 89 97 98
205 1 89 92 95 96
206 8 93 92 95 96
207 8 94 92 95 96
208 6 101 99 102 104
209 7 101 99 102 105
210 6 101 99 102 103
211 6 100 99 102 104
212 7 100 99 102 105
213 6 100 99 102 103
214 7 107 99 102 104
215 15 107 99 102 105
216 7 107 99 102 103
217 8 101 99 107 108
218 8 100 99 107 108
219 1 102 99 107 108
220 1 99 102 105 106
221 8 104 102 105 106
222 8 103 102 105 106
223 7 110 109 112 115
224 6 110 109 112 113
225 6 110 109 112 114
226 7 111 109 112 115
227 6 111 109 112 113
228 6 111 109 112 114
229 15 117 109 112 115
230 7 117 109 112 113
231 7 117 109 112 114
232 8 110 109 117 118
233 8 111 109 117 118
234 1 112 109 117 118
235 1 109 112 115 116
236 8 113 112 115 116
237 8 114 112 115 116
238 7 121 119 122 125
239 6 121 119 122 124
240 6 121 119 122 123
241 15 127 119 122 125
242 7 127 119 122 124
243 7 127 119 122 123
244 7 120 119 122 125
245 6 120 119 122 124
246 6 120 119 122 123
247 8 121 119 127 128
248 1 122 119 127 128
249 8 120 119 127 128
250 1 119 122 125 126
251 8 124 122 125 126
252 8 123 122 125 126
253 6 130 129 132 133
254 6 130 129 132 134
255 7 130 129 132 135
256 6 131 129 132 133
257 6 131 129 132 134
258 7 131 129 132 135
259 7 137 129 132 133
260 7 137 129 132 134
261 15 137 129 132 135
262 8 130 129 137 138
263 1 132 129 137 138
264 8 131 129 137 138
265 1 129 132 135 136
266 8 133 132 135 136
267 8 134 132 135 136
268 8 140 139 147 148
269 8 141 139 147 148
270 1 142 139 147 148
271 6 140 139 142 144
272 7 140 139 142 145
273 6 140 139 142 143
274 7 147 139 142 144
275 15 147 139 142 145
276 7 147 139 142 143
277 6 141 139 142 144
278 7 141 139 142 145
279 6 141 139 142 143
280 1 139 142 145 146
281 8 144 142 145 146
282 8 143 142 145 146
283 7 157 149 152 153
284 7 157 149 152 154
285 15 157 149 152 155
286 6 151 149 152 153
287 6 151 149 152 154
288 7 151 149 152 155
289 6 150 149 152 153
290 6 150 149 152 154
291 7 150 149 152 155
292 1 152 149 157 158
293 8 151 149 157 158
294 8 150 149 157 158
295 1 149 152 155 156
296 8 153 152 155 156
297 8 154 152 155 156
298 7 160 159 162 165
299 6 160 159 162 164
300 6 160 159 162 163
301 7 161 159 162 165
302 6 161 159 162 164
303 6 161 159 162 163
304 15 167 159 162 165
305 7 167 159 162 164
306 7 167 159 162 163
307 1 162 159 167 168
308 8 160 159 167 168
309 8 161 159 167 168
310 1 159 162 165 166
311 8 164 162 165 166
312 8 163 162 165 166
313 9 171 169 173 174
314 10 171 169 173 176
315 9 171 169 173 175
316 13 172 169 173 174
317 14 172 169 173 176
318 13 172 169 173 175
319 9 170 169 173 174
320 10 170 169 173 176
321 9 170 169 173 175
322 11 171 169 172 186
323 11 171 169 172 182
324 11 171 169 172 178
325 3 173 169 172 186
326 3 173 169 172 182
327 3 173 169 172 178
328 11 170 169 172 186
329 11 170 169 172 182
330 11 170 169 172 178
331 5 169 172 186 187
332 5 169 172 186 188
333 5 169 172 186 189
334 4 182 172 186 187
335 4 182 172 186 188
336 4 182 172 186 189
337 4 178 172 186 187
338 4 178 172 186 188
339 4 178 172 186 189
340 5 169 172 182 184
341 5 169 172 182 183
342 5 169 172 182 185
343 4 186 172 182 184
344 4 186 172 182 183
345 4 186 172 182 185
346 4 178 172 182 184
347 4 178 172 182 183
348 4 178 172 182 185
349 5 169 172 178 179
350 5 169 172 178 180
351 5 169 172 178 181
352 4 186 172 178 179
353 4 186 172 178 180
354 4 186 172 178 181
355 4 182 172 178 179
356 4 182 172 178 180
357 4 182 172 178 181
358 2 169 173 176 177
359 12 174 173 176 177
360 12 175 173 176 177
361 6 193 191 194 195
362 6 193 191 194 196
363 7 193 191 194 197
364 6 192 191 194 195
365 6 192 191 194 196
366 7 192 191 194 197
367 7 199 191 194 195
368 7 199 191 194 196
369 15 199 191 194 197
370 8 193 191 199 200
371 1 194 191 199 200
372 8 192 191 199 200
373 1 191 194 197 198
374 8 195 194 197 198
375 8 196 194 197 198
376 6 202 201 204 206
377 7 202 201 204 207
378 6 202 201 204 205
379 6 203 201 204 206
380 7 203 201 204 207
381 6 203 201 204 205
382 7 209 201 204 206
383 15 209 201 204 207
384 7 209 201 204 205
385 8 202 201 209 210
386 8 203 201 209 210
387 1 204 201 209 210
388 1 201 204 207 208
389 8 206 204 207 208
390 8 205 204 207 208
391 13 214 211 215 216
392 13 214 211 215 217
393 14 214 211 215 218
394 9 212 211 215 216
395 9 212 211 215 217
396 10 212 211 215 218
397 9 213 211 215 216
398 9 213 211 215 217
399 10 213 211 215 218
400 3 215 211 214 224
401 3 215 211 214 228
402 3 215 211 214 220
403 11 212 211 214 224
404 11 212 211 214 228
405 11 212 211 214 220
406 11 213 211 214 224
407 11 213 211 214 228
408 11 213 211 214 220
409 5 211 214 224 225
410 5 211 214 224 226
411 5 211 214 224 227
412 4 228 214 224 225
413 4 228 214 224 226
414 4 228 214 224 227
415 4 220 214 224 225
416 4 220 214 224 226
417 4 220 214 224 227
418 5 211 214 228 229
419 5 211 214 228 230
420 5 211 214 228 231
421 4 224 214 228 229
422 4 224 214 228 230
423 4 224 214 228 231
424 4 220 214 228 229
425 4 220 214 228 230
426 4 220 214 228 231
427 5 211 214 220 221
428 5 211 214 220 222
429 5 211 214 220 223
430 4 224 214 220 221
431 4 224 214 220 222
432 4 224 214 220 223
433 4 228 214 220 221
434 4 228 214 220 222
435 4 228 214 220 223
436 2 211 215 218 219
437 12 216 215 218 219
438 12 217 215 218 219
439 7 241 233 236 237
440 7 241 233 236 238
441 15 241 233 236 239
442 6 234 233 236 237
443 6 234 233 236 238
444 7 234 233 236 239
445 6 235 233 236 237
446 6 235 233 236 238
447 7 235 233 236 239
448 1 236 233 241 242
449 8 234 233 241 242
450 8 235 233 241 242
451 1 233 236 239 240
452 8 237 236 239 240
453 8 238 236 239 240
454 7 251 243 246 247
455 7 251 243 246 248
456 15 251 243 246 249
457 6 244 243 246 247
458 6 244 243 246 248
459 7 244 243 246 249
460 6 245 243 246 247
461 6 245 243 246 248
462 7 245 243 246 249
463 1 246 243 251 252
464 8 244 243 251 252
465 8 245 243 251 252
466 1 243 246 249 250
467 8 247 246 249 250
468 8 248 246 249 250
469 11 254 253 256 266
470 11 254 253 256 270
471 11 254 253 256 262
472 11 255 253 256 266
473 11 255 253 256 270
474 11 255 253 256 262
475 3 257 253 256 266
476 3 257 253 256 270
477 3 257 253 256 262
478 13 256 253 257 258
479 13 256 253 257 259
480 14 256 253 257 260
481 9 254 253 257 258
482 9 254 253 257 259
483 10 254 253 257 260
484 9 255 253 257 258
485 9 255 253 257 259
486 10 255 253 257 260
487 5 253 256 266 267
488 5 253 256 266 268
489 5 253 256 266 269
490 4 270 256 266 267
491 4 270 256 266 268
492 4 270 256 266 269
493 4 262 256 266 267
494 4 262 256 266 268
495 4 262 256 266 269
496 5 253 256 270 271
497 5 253 256 270 272
498 5 253 256 270 273
499 4 266 256 270 271
500 4 266 256 270 272
501 4 266 256 270 273
502 4 262 256 270 271
503 4 262 256 270 272
504 4 262 256 270 273
505 5 253 256 262 263
506 5 253 256 262 265
507 5 253 256 262 264
508 4 266 256 262 263
509 4 266 256 262 265
510 4 266 256 262 264
511 4 270 256 262 263
512 4 270 256 262 265
513 4 270 256 262 264
514 2 253 257 260 261
515 12 258 257 260 261
516 12 259 257 260 261
517 6 277 275 278 279
518 7 277 275 278 281
519 6 277 275 278 280
520 6 276 275 278 279
521 7 276 275 278 281
522 6 276 275 278 280
523 7 283 275 278 279
524 15 283 275 278 281
525 7 283 275 278 280
526 8 277 275 283 284
527 1 278 275 283 284
528 8 276 275 283 284
529 1 275 278 281 282
530 8 279 278 281 282
531 8 280 278 281 282
532 7 293 285 288 289
533 7 293 285 288 290
534 15 293 285 288 291
535 6 286 285 288 289
536 6 286 285 288 290
537 7 286 285 288 291
538 6 287 285 288 289
539 6 287 285 288 290
540 7 287 285 288 291
541 1 288 285 293 294
542 8 286 285 293 294
543 8 287 285 293 294
544 1 285 288 291 292
545 8 289 288 291 292
546 8 290 288 291 292
547 9 297 295 299 300
548 9 297 295 299 301
549 10 297 295 299 302
550 13 298 295 299 300
551 13 298 295 299 301
552 14 298 295 299 302
553 9 296 295 299 300
554 9 296 295 299 301
555 10 296 295 299 302
556 11 297 295 298 304
557 11 297 295 298 308
558 11 297 295 298 312
559 3 299 295 298 304
560 3 299 295 298 308
561 3 299 295 298 312
562 11 296 295 298 304
563 11 296 295 298 308
564 11 296 295 298 312
565 5 295 298 304 305
566 5 295 298 304 307
567 5 295 298 304 306
568 4 308 298 304 305
569 4 308 298 304 307
570 4 308 298 304 306
571 4 312 298 304 305
572 4 312 298 304 307
573 4 312 298 304 306
574 5 295 298 308 311
575 5 295 298 308 309
576 5 295 298 308 310
577 4 304 298 308 311
578 4 304 298 308 309
579 4 304 298 308 310
580 4 312 298 308 311
581 4 312 298 308 309
582 4 312 298 308 310
583 5 295 298 312 314
584 5 295 298 312 313
585 5 295 298 312 315
586 4 304 298 312 314
587 4 304 298 312 313
588 4 304 298 312 315
589 4 308 298 312 314
590 4 308 298 312 313
591 4 308 298 312 315
592 2 295 299 302 303
593 12 300 299 302 303
594 12 301 299 302 303
595 8 318 317 325 326
596 8 319 317 325 326
597 1 320 317 325 326
598 6 318 317 320 321
599 6 318 317 320 322
600 7 318 317 320 323
601 7 325 317 320 321
602 7 325 317 320 322
603 15 325 317 320 323
604 6 319 317 320 321
605 6 319 317 320 322
606 7 319 317 320 323
607 1 317 320 323 324
608 8 321 320 323 324
609 8 322 320 323 324
610 6 328 327 330 332
611 6 328 327 330 331
612 7 328 327 330 333
613 6 329 327 330 332
614 6 329 327 330 331
615 7 329 327 330 333
616 7 335 327 330 332
617 7 335 327 330 331
618 15 335 327 330 333
619 1 330 327 335 336
620 8 328 327 335 336
621 8 329 327 335 336
622 1 327 330 333 334
623 8 332 330 333 334
624 8 331 330 333 334
